31504.1953125
509590.1477050781
9262.072246551514
6212.054317474365
3777.1151123046875
2448.041271209717
2324.2781324386597
1509.6593399047852
982.1290674209595
1048.6865134239197
797.135992527008
709.280369758606
717.0874762535095
610.169659614563
560.7289552688599
585.2999324798584
485.03898429870605
550.9246883392334
502.81018447875977
426.53493452072144
429.56620168685913
413.3336296081543
376.4175024032593
377.0016393661499
356.147985458374
374.510929107666
365.9957466125488
369.6822485923767
374.5901999473572
349.38295221328735
378.37409687042236
376.259464263916
331.29211473464966
326.72516441345215
330.45931911468506
325.3896722793579
298.1894221305847


