6.79193913936615
200.51788997650146
119.45137739181519
112.18198972940445
112.89790445566177
113.23044461011887
108.75815325975418
116.56839817762375
111.74508857727051
113.4858877658844
113.747997879982
109.89355313777924
108.70389306545258
111.8517599105835
108.95024120807648
110.47780150175095
108.70149624347687
111.27171087265015
110.74506098031998
110.62011116743088
114.50337201356888
111.52165216207504
113.8004841208458
112.31568783521652
115.63323903083801
109.25582498311996
108.21898812055588
112.34627515077591
110.79182571172714
110.87036034464836
111.28951579332352
112.21191054582596
112.7149687409401
106.29254260659218
110.71351194381714
112.01105362176895
111.4469947218895


