31510.986328125
8496.510943094889
156.3587261199951
105.40393838882446
64.83354997634888
42.687861665089926
40.55060470898946
27.103795687357586
18.231235949198403
19.369539992014566
15.181399710973103
13.652898756663005
13.763189586003621
12.033690293629965
11.161319947242736
11.596295619010926
9.895674753189088
11.036606709162394
10.225920820236206
8.952584052085877
9.067826263109843
8.747588086128236
8.170299816131593
8.155288863182069
7.863020372390747
8.062779251734415
7.903578861554464
8.033808739980062
8.089700428644816
7.670888543128967
8.161060221989949
8.141189583142598
7.400118048985799
7.216961765289307
7.352880509694417
7.29001214504242
6.827273631095887


