146.20967972278595
81.67303138971329
65.37696939706802
63.816762804985046
65.8125701546669
62.07081454992294
65.894875228405
66.53655788302422
64.27840375900269
64.43729895353317



146.94819831848145
68.87092566490173
66.48528242111206
67.80285203456879
65.60649508237839
65.95738130807877
65.31938111782074
63.81820094585419
64.90295654535294
63.54061257839203
66.16392695903778
64.51259922981262
61.94999712705612
63.19255828857422
63.72466015815735
65.29285290837288
69.5625479221344
69.58711451292038
62.25316512584686
64.10790407657623
64.53351682424545
59.759789764881134
63.33477908372879
62.625463366508484
61.584259390830994
62.02576094865799
66.06950008869171
62.99306696653366
64.53707966208458
63.81723916530609
63.3576443195343
62.09260052442551
63.47708523273468
65.67242100834846
65.76617658138275
69.04552000761032
62.94658923149109
65.65769588947296
65.22893184423447
66.89099195599556
66.52580112218857
62.63147038221359
64.80812275409698
63.17219513654709
65.24845778942108
64.8968645632267
64.9346312880516
65.62154838442802
62.22255963087082
62.07628792524338
63.86443507671356
67.86588895320892
66.72124338150024
66.64323192834854
65.24866074323654
64.44232350587845
65.06584399938583
66.70929902791977
61.232572972774506
64.02088588476181
67.0022120475769
62.29860460758209
65.22537189722061
62.67953187227249
61.88420391082764
62.821510940790176
66.55322152376175
64.6699552834034
62.7573881149292
67.7534419298172
65.95174127817154
64.4706072807312
63.16671842336655
66.18053048849106
61.65543705224991
65.47367084026337
67.31808310747147
61.93973168730736
63.40087044239044
63.29137486219406
61.30879980325699
60.5043026804924
65.88461846113205
65.04050403833389
63.013674318790436
62.86900609731674
64.14821660518646
63.03992521762848
61.819012343883514
61.740616619586945
62.693727403879166
62.8583407998085
65.53793424367905
64.53465056419373
64.58231258392334
61.7759553194046
65.19910210371017
62.18933081626892
61.53593596816063
63.93436259031296
65.51849567890167
61.911706149578094
66.88685321807861
64.52528142929077
65.91032719612122
64.23271542787552
63.60280352830887
65.75381433963776
63.892241179943085
64.54418873786926
62.57072734832764
65.66940450668335
65.80114924907684
65.40967154502869
59.67959952354431
62.35229468345642
65.96739774942398
64.37966722249985
64.29605329036713
64.658831179142
68.26314932107925
62.80426353216171
64.66546618938446
65.36582326889038
62.20559924840927
67.32373207807541
67.61607336997986
63.844644129276276
65.38653802871704
66.28705304861069
61.601557582616806
63.16599541902542
59.30064404010773
66.05828559398651
65.66613745689392



